C 77,67,67
F 102,102,0

       SO     ./pics/eboulhou.png  
       NO     ./pics/redbrick.png   
       WE     ./pics/greystone.png   


       EA     ./pics/bluestone.png    

        1111111111111111111111111
        10000000000000000000000001
        10100110011110000000000001
        10010110100000000000000001
111111111011011001111000000000000111111111111111111111111111111111111111111111
1000000000000000000000000000000000000000000000000000000000000000000000000000011
1000000000000000000000000000000000000000000000000000000000000000000000000000011
1000000000000000000000000000000000000000000000000000000000000000000000000000011
1000000000000000000000000100000000000000000000000000000000000000000000000000011
1000000000000000000000000000000000000000000000000000000000000000000000000000011
1000000000000000000000000000000000000000000000000000000000000000000000000000011
1000000000000000000000000000000000000000000000000000000000000000000000000000011
1000000000000000000000000000000000000000000000000000000000000000000000000000011
10000000011111001001111110000000000000000000000000000000000000000000000000000011
1000000001111100100111111000000000000000000000000000000000000000000000000000000 <---leaks
10000000011111001001111110000000000000000000000000000000000000000000000000000011
1000000000000000000000000000000000000000000000000000000000000000000000000000011
1000000000000000000000000000000000000000000000000000000000000000000000000000011
1000000000000000000000000000000000000000000000000000000000000000000000000000011
100000000000000000000000000000011111111111111111111111111111111111111111111111
100000000000000000000000000000011
1111011111111110111000000100001
11111111111 1111111101111111101
                   101      101
                   101      101
                   101      101
                   101      101
                   101      101
                   101      101
                   101      101
1111111111111111111101      101
1000000000000000000001      101
1011111111111111111101      101
1000000000000000000001      101
1111111111111111111111      101
                            101
                            101
                            101
                            101
                            101
                            101
                            1N1
            111111111111111110111
            111111111111111110111
            1000000000000000000001
            10000000000001000000011
            100000000000001000000101
            111111111111111111111111


------------------------------------------------------------------



C 77,67,67
F 102,102,0

       SO     ./pics/eboulhou.png  
       NO     ./pics/redbrick.png   
       WE     ./pics/greystone.png   


       EA     ./pics/bluestone.png    

        1111111111111111111111111
        10000000000000000000000001
        10100110011110000000000001
        10010110100000000000000001
111111111011011001111000000000000111111111111111111111111111111111111111111111
1000000000000000000000000000000000000000000000000000000000000000000000000000011
1000000000000000000000000000000000000000000000000000000000000000000000000000011
1000000000000000000000000000000000000000000000000000000000000000000000000000011
1000000000000000000000000100000000000000000000000000000000000000000000000000011
1000000000000000000000000000000000000000000000000000000000000000000000000000011
1000000000000000000000000000000000000000000000000000000000000000000000000000011
1000000000000000000000000000000000000000000000000000000000000000000000000000011
1000000000000000000000000000000000000000000000000000000000000000000000000000011
10000000011111001001111110000000000000000000000000000000000000000000000000000011
10000000011111001001111110000000000000000000000000000000000000000000000000000001101 <--error
10000000011111001001111110000000000000000000000000000000000000000000000000000011
1000000000000000000000000000000000000000000000000000000000000000000000000000011
1000000000000000000000000000000000000000000000000000000000000000000000000000011
1000000000000000000000000000000000000000000000000000000000000000000000000000011
100000000000000000000000000000011111111111111111111111111111111111111111111111
100000000000000000000000000000011
1111011111111110111000000100001
11111111111 1111111101111111101
                   101      101
                   101      101
                   101      101
                   101      101
                   101      101
                   101      101
                   101      101
1111111111111111111101      101
1000000000000000000001      101
1011111111111111111101      101
1000000000000000000001      101
1111111111111111111111      101
                            101
                            101
                            101
                            101
                            101
                            101
                            1N1
            111111111111111110111
            111111111111111110111
            1000000000000000000001
            10000000000001000000011
            100000000000001000000101
            111111111111111111111111


--------------------------------------------------------------













C 77,67,67
F 102,102,  0 <-- SEGV

       SO     ./pics/eboulhou.png  
       NO     ./pics/redbrick.png   
       WE     ./pics/greystone.png   


       EA ./pics/bluestone.png      















        1111111111111111111111111
        10000000000000000000000001
        10100110011110000000000001
        10010110100000000000000001
111111111011011001111000000000000111111111111111111111111111111111111111111111
10000000000000000000000000000100000000000000000000000000000000000000000000000111
100000000000000000000000000011000000000000000000000000000000000000000000000000011
10000000000000000000000000000100000000000000000000000000000000000000000000000111
1000000000000000000000000100000000000000000000000000000000000000000000000000011
1000000000000000000000000000000000000000000000000000000000000000000000000000011
1000000000000000000000000000000000000000000000000000000000000000000000000000011
1000000000000000000000000000000000000000000000000000000000000000000000000000011
1000000000000000000000000000000000000000000000000000000000000000000000000000011
10000000011111001001111110000000000000000000000000000000000000000000000000000011
100000000111110010011111100000000000000000000000000000000000000000000000000000011
10000000011111001001111110000000000000000000000000000000000000000000000000000001
1000000000000000000000000000000000000000000000000000000000000000000000000000011
1000000000000000000000000000000000000000000000000000000000000000000000000000011
1000000000000000000000000000000000000000000000000000000000000000000000000000011
100000000000000000000000000000011111111111111111111111111111111111111111111111
100000000001000000000000000000011
11110111111 1110111000000100001
11111111111 1111111101111111101
                   101      101
                   101      101
                   101      101
                   101      101
                   101      101
                   101      101
                   101      101
1111111111111111111101      101
1000000000000000000001      101
1011111111111111111101      101
1000000000000000000001      101
1111111111111111111111      101
                            101
                            101
                            101
                            101
                            101
                            101
                            1N1
            1111111111111111101
            111111111111111110111
            1000000000000000000001
            10000000000001000000011
            100000000000001000000101
           111111111111111111111111
--------------------------

C 77,67,6aaaa111 <---- error

F 102,102,0

       SO     ./pics/eboulhou.png  
       NO     ./pics/redbrick.png   
       WE     ./pics/greystone.png   


       EA ./pics/bluestone.png      















        1111111111111111111111111
        10000000000000000000000001
        10100110011110000000000001
        10010110100000000000000001
111111111011011001111000000000000111111111111111111111111111111111111111111111111111
1000000000000000000000000000010000000000000000000000000000000000000000000000011
100000000000000000000000000011000000000000000000000000000000000000000000000000011
10000000000000000000000000000100000000000000000000000000000000000000000000000111
1000000000000000000000000100000000000000000000000000000000000000000000000000011
1000000000000000000000000000000000000000000000000000000000000000000000000000011
1000000000000000000000000000000000000000000000000000000000000000000000000000011
1000000000000000000000000000000000000000000000000000000000000000000000000000011
1000000000000000000000000000000000000000000000000000000000000000000000000000011
100000000111110010011111100000000000000000000000000000000000000000000000000000111
100000000111110010011111100000000000000000000000000000000000000000000000000000011
10000000011111001001111110000000000000000000000000000000000000000000000000000001
1000000000000000000000000000000000000000000000000000000000000000000000000000011
1000000000000000000000000000000000000000000000000000000000000000000000000000011
1000000000000000000000000000000000000000000000000000000000000000000000000000011
100000000000000000000000000000011111111111111111111111111111111111111111111111
100000000001000000000000000000011
11110111111 1110111000000100001
11111111111 1111111101111111101
                   101      101
                   101      101
                   101      101
                   101      101
                   101      101
                   101      101
                   101      101
1111111111111111111101      101
1000000000000000000001      101
1011111111111111111101      101
1000000000000000000001      101
1111111111111111111111      101
                            101
                            101
                            101
                            101
                            101
                            101
                            1N1
            1111111111111111101
            111111111111111110111
            1000000000000000000001
            10000000000001000000011
            100000000000001000000101
           111111111111111111111111


-------------------------------------------

C 77,637,2147483649

F 102,102,0

       SO     ./pics/eboulhou.png  
       NO     ./pics/redbrick.png   
       WE     ./pics/greystone.png   


       EA ./pics/bluestone.png      















        1111111111111111111111111
        10000000000000000000000001
        10100110011110000000000001
        10010110100000000000000001
111111111011011001111000000000000111111111111111111111111111111111111111111111111111
1000000000000000000000000000010000000000000000000000000000000000000000000000011
100000000000000000000000000011000000000000000000000000000000000000000000000000011
10000000000000000000000000000100000000000000000000000000000000000000000000000111
1000000000000000000000000100000000000000000000000000000000000000000000000000011
1000000000000000000000000000000000000000000000000000000000000000000000000000011
1000000000000000000000000000000000000000000000000000000000000000000000000000011
1000000000000000000000000000000000000000000000000000000000000000000000000000011
1000000000000000011000000000000000000000000000000000000000000000000000000000011
10000000011111001  11111100000000000000000000000000000000000000000000000000000111
100000000111110010011111100000000000000000000000000000000000000000000000000000011
10000000011111001001111110000000000000000000000000000000000000000000000000000001
1000000000000000000000000000000000000000000000000000000000000000000000000000011
1000000000000000000000000000000000000000000000000000000000000000000000000000011
1000000000000000000000000000000000000000000000000000000000000000000000000000011
100000000000000000000000000000011111111111111111111111111111111111111111111111
100000000001000000000000000000011
11110111111 1110111000000100001
11111111111 1111111101111111101
                   101      101
                   101      101
                   101      101
                   101      101
                   101      101
                   101      101
                   101      101
1111111111111111111101      101
1000000000000000000001      101
1011111111111111111101      101
1000000000000000000001      101
1111111111111111111111      101
                            101
                            101
                            101
                            101
                            101
                            101
                            1N1
            1111111111111111101
            111111111111111110111
            1000000000000000000001
            10000000000001000000011
            100000000000001000000101
           111111111111111111111111
